17169
17422
6929
61962
2543
10324
13775
48256
52662
40841
46348
52772
5005
60863
31821
52156
24182
41508
43346
38895
58445
64305
10160
34004
38717
54542
6427
55172
23657
39322
28860
41734
56243
8726
29273
25188
32402
41446
42080
57307
34776
43084
3694
12605
4192
12097
57068
54331
5666
47025
38059
25547
55874
18657
55296
7295
54317
9444
35116
40382
6632
49625
6338
51000
5414
61784
38544
64436
21711
6103
57212
60837
10578
31693
6036
330
12329
3402
40925
19386
408
49873
62238
38975
44664
19401
45848
14797
11160
37490
16047
61576
33614
22926
7794
50532
65376
32077
24607
47275
38311
1089
42085
30412
37274
36147
61407
20262
48155
8712
43341
47479
32559
22592
37390
58261
50263
20488
6628
18228
42004
55790
42554
54359
54956
53949
31106
53124
50401
6302
61256
27849
19656
3784
2559
23988
13321
18490
40094
29972
43827
18391
11861
26
49114
49433
65146
45898
33088
62973
